0
0.00017397
5.4364e-05
4.2915e-10
4.1958e-09
1.4425e-08
1.0213e-07
1.8337e-07
9.1708e-08
4.3688e-11
1.8154e-07
3.6304e-07
3.2305e-07
2.4292e-07
1.0179e-07
8.0101e-10
3.3725e-08
1.325e-07
0.31745
1.2698
14680
29357
18013
6668.7
15046
23422
13946
3249.6
1339.6
475.26
200.92
77.624
40.362
25.961
908.87
2963
9334.7
14535
7886.1
1237.2
1368.7
1500.2
1224.5
768.74
324.35
59.938
27929
55798
29308
2817.2
5835.1
8853
4534.6
216.19
453.9
691.61
674.96
634.21
504.9
334.46
186.33
103.44
118.71
133.99
78.149
22.311
38.496
54.681
41.686
22.14
7.9027
0.2147
398.9
1560.9
36887
71450
37397
2325.3
766
225.6
5131.9
10038
5026.8
15.512
59.869
189.28
4269.3
8264.3
5370.5
1788.7
580.83
41.106
10.67
0.21344
53.935
107.66
54.067
0.47862
2.8752
10.051
1760.3
6509
47649
85786
50614
10939
3569.2
701.82
1430.1
2158.3
1731.7
1066.4
558.58
218.03
96.389
46.197
187.63
329.07
171.9
9.9272
2.5737
0.023156
1.9698
6.5194
15.286
32.734
79.185
195.07
14868
29461
22130
12941
10357
8149.5
3600.8
396.55
187.12
114
484.59
855.18
441.79
28.411
33.914
48.628
157.03
256.21
133.71
10.582
9.9106
9.3135
4.5038
0.25071
0.32823
0.56016
75.339
149.96
96.614
43.264
86.56
152.6
202.91
230.48
190.64
122.1
46.733
0.0691
0.095107
0.17145
2.1203
6.3129
12.002
24.455
6090
12146
6081.9
17.378
834.13
1650.9
832.05
9.1389
2.9919
0.92928
17.113
65.567
21884
43670
35788
22989
11182
4247.5
4203.6
4160.7
2779.7
1061.4
382.32
56.228
15.045
0.33519
1071.2
3288.6
7423.6
10866
11608
11896
7645.2
2433.8
748.4
23.488
24.073
25.827
13830
27633
21622
15611
22932
30253
15198
142.06
238.46
334.86
167.52
0.17234
23.47
71.062
135.25
225.53
395.68
515.45
261.77
6.1183
3.1418
2.1394
2.8932
5.1371
153.54
521.92
1448.4
3621.8
32248
59406
34431
7209.2
3992.3
2294
911.89
226.87
191.53
164.05
72.375
2.4504
1.1417
0.69923
13.117
25.534
17.536
9.5379
14.577
22.562
29.41
33.313
17.233
1.1528
237.57
700.51
1456.9
1986.7
1876.1
1765.4
4306.3
6847.2
3436.8
26.376
53.635
86.167
92.217
98.969
191.44
277.95
139.93
1.9199
4448.9
8895.8
4619.2
342.53
2178.8
4015
2114.2
150.19
53.2
19.443
41.403
90.781
164.07
327.86
22676
44906
36895
23557
10756
2296.2
717.43
124.04
1004.6
2273.2
3074.2
3487.4
2147.7
808.11
1108
1407.8
793.96
130.67
56.998
23.506
7.6922
1.1327
1.2716
1.5221
1.7085
2.0443
645.23
2494.3
40707
77714
45454
9578.9
3726.1
1489
4423.5
7358
4107.4
856.85
971.43
1086
554.85
15.862
4.0238
0.00037042
24.143
48.285
26.057
3.8289
132.46
261.09
130.75
0.41107
5.2677
19.825
15384
30739
17697
4654.1
7147.5
9640.9
9126.8
7920.7
4187.6
841.72
390.48
174.88
53.212
0.62017
0.73028
0.84038
0.56824
0.29609
1.5414
4.6093
17.285
28.139
14.182
0.22547
1.7529
5.9
24.508
74.214
2709.2
5310.5
2657.7
4.9522
102.39
199.83
103.75
7.6722
99.392
321.1
1148.3
1845.6
923.18
0.79867
462.59
1809.4
43758
84821
54159
17188
6653.4
1677.5
472.46
17.252
27.391
50.44
86.21
166.72
7009.4
13794
7335.3
876.17
1391.9
1907.7
1853
1711.1
886.73
149.69
183.38
217.07
128.4
33.991
26.513
21.759
14.576
9.9089
9.1223
8.8302
31.426
86.969
224.95
507.45
1241.5
2783.8
10463
17508
18053
18247
16235
12217
5224.5
237.43
5820.3
11403
6049.1
506.07
215.67
114.34
117.7
121.06
66.111
11.161
85.098
159.04
85.419
11.803
14.896
17.989
10.003
2.0172
3.587
8.2955
23240
46468
34175
17221
8590.3
3537.1
1866.5
961.37
402.47
115.4
39.768
10.715
15.434
20.154
18.095
14.026
7.1754
2.3352
2.4216
2.6384
3.6306
4.4924
2.7984
1.1045
27.697
54.289
49.035
43.78
264.87
485.96
281.75
77.547
138.38
199.21
125.16
51.121
51.698
53.412
217.42
380.28
360.52
313.66
155.07
23.556
367.08
710.61
671.65
584.99
394.71
188.46
62.788
0.80688
32.798
127.54
3984
12999
43276
68333
57278
38013
16498
2200.1
653.96
99.788
2446.5
4793.2
4706.2
4467.9
2198
79.455
92.537
105.62
69.375
33.13
51.439
102.11
642.6
1150.7
595.69
28.784
10.722
4.5302
64203
1.284e+05
65806
3210.2
11650
20089
10825
1084.2
343.43
79.692
79.832
80.251
174.38
268.22
137.98
6.3608
4.6654
3.5766
1.4636
0.12157
0.69175
2.3811
122.51
241.52
121.65
1.1813
0.2977
0.0012552
34304
68608
50102
24773
11637
4952.8
4541
4179.4
2175.6
338.69
92.774
1.7425
7.4503
13.158
7.2231
1.2881
18.669
36.05
30.178
24.307
42.703
61.1
38.893
16.687
38.798
90.479
254.18
388.32
200.98
9.2323
2.5257
0.22037
41.771
83.321
71.161
49.617
24.999
7.2632
3.1749
1.5887
2.0025
3.2425
496.74
1886.3
21257
39730
26892
10394
3831.6
637.03
178.54
13.219
32.684
84.939
298.6
851.21
13538
25854
20640
13301
9027.6
6878.3
8234.1
9589.9
5376.4
805.5
244.34
27.431
7.295
0.27767
2400.2
6621.9
10592
14722
19594
22484
12821
2199.5
666.78
80.105
59.814
52.936
38891
77730
38985
239.86
10451
20663
10345
26.662
611.38
1196.1
598.07
0.034371
168.56
337.09
191.62
46.156
63.36
80.565
52.176
23.788
25.473
27.157
22.162
17.167
49.06
141.99
1663.5
5680.6
40239
72240
50188
20900
7265.6
748.91
611.58
510.77
215.29
0.97108
12.625
24.279
16.611
8.9434
12.335
15.728
9.4485
2.2934
0.84795
0.27856
16.277
32.276
29.47
23.467
10.208
0.14661
607.51
1214.9
756.75
298.62
457.53
809.37
1694.8
2387.3
1422.2
420.39
379.31
343.8
157.29
2.0594
21.036
40.012
23.8
7.5875
11.321
21.415
104.23
180.68
91.647
2.6157
24.893
47.17
28.504
9.8385
1095.7
4019.2
26990
48122
29933
8727.3
3657.6
1604.2
3427.2
5250.2
2626.1
2.0184
2003.5
4005
3417.1
2595.9
2257
1898.9
868.58
71.119
45.918
31.509
12.031
1.1461
1.1985
1.3509
3.5814
10.072
41578
83142
41596
50.72
1743.2
4488.6
7018.7
8495.9
5036.7
1106.3
330.59
26.111
38.638
51.164
37.873
24.582
176.83
329.09
170.37
11.535
11.367
11.311
22.269
35.805
38.812
42.339
73.975
162.49
36929
73636
56330
31513
17183
8159.7
4771.3
2720.7
1030.8
170.41
121.82
90.977
37.042
3.8798
28.945
54.011
32.705
11.398
13.318
18.871
151.57
280.64
142.09
3.5439
8.9396
14.335
7.5868
0.83829
808.26
1615.7
896.13
176.59
376.42
576.25
324.46
49.964
13.809
0.26951
0.13707
0.092717
8.088
30.494
177.68
584.97
28607
56355
34854
9433.6
2767.3
21.016
32.35
43.684
35.202
26.721
1454
4833.8
13474
25645
39981
48834
25475
1425.3
366.73
0.0083212
112.4
224.78
127.57
30.357
53.672
76.988
52.034
27.079
44.689
74.668
106.62
126.19
68.683
11.173
43.586
135.47
884.38
2895.3
34756
65294
32840
385.59
5768
11150
7205.1
3259.8
9199.1
15138
7685
165.6
66.151
32.611
41.422
54.108
62.103
66.224
40.549
14.875
37.146
59.418
55.443
48.529
40.671
35.751
66.312
157.69
24828
49438
43077
31227
15288
3593.2
1747.6
857.24
371.39
122.73
35.669
0.66965
0.28669
0.12918
0.05537
0.025174
17.567
35.109
21.014
6.9187
16.776
26.633
14.041
1.4483
3.024
6.9268
16.027
37.85
394.26
1166.5
3204.7
4811.9
3323.8
1363
475.38
60.516
115.51
170.5
120.4
62.731
51.367
45.133
40.553
38.406
61.537
111.51
225.91
313.48
159.79
6.0984
107.79
216.27
223.31
230.8
20230
40221
27849
14279
12895
11639
5435.6
303.58
2751.8
6294.6
8566.7
9744.3
6692.8
2716.2
1035.9
204.98
86.633
43.95
70.01
96.07
63.429
22.364
7.231
0.52214
3.7102
12.853
103.32
361.89
67901
1.3527e+05
73294
10288
9129.3
8183.8
4092.2
691.39
513.93
420.91
351.05
281.1
122.02
9.1143
96.794
184.47
100.96
14.484
9.9258
8.3348
22.902
41.702
49.489
53.044
26.653
0.26152
3.689
13.967
21658
43296
39983
32838
16921
4137.3
3285.3
2668
1190.1
144.34
95.12
78.149
104.84
162.4
293.38
393.49
276.95
119.16
39.546
1.1823
11.261
21.339
14.08
6.8199
7.8444
10.443
17.525
34.474
279.73
513.55
273.69
33.824
90.108
146.39
73.497
0.60336
2.3885
6.1153
10.556
19.258
132.78
240.1
156.6
73.1
33217
66361
33951
1541.7
2876.4
4211.1
2111.2
11.239
38.332
117.96
2611.3
6896.2
10572
14986
23421
29273
17155
5036.7
5327.8
5618.9
3037
317.71
104.16
27.977
47.521
105.5
4644.5
9145.1
4975.6
806.05
7879
14952
7538.4
107.75
83.079
73.781
71.264
70.317
42195
84319
43977
3634.7
11202
18770
10505
1833.2
1309.2
977.12
457.8
109.46
38.175
10.363
8.8508
8.333
19.471
30.609
15.461
0.3126
16.059
31.806
18.09
4.3743
25.829
87.661
809.54
2743.3
25377
46758
33657
15642
6298.6
1282.4
352.74
8.2188
69.539
130.86
67.165
3.4706
18.792
43.926
67.886
82.035
41.085
0.13516
0.51117
1.5705
16.189
30.125
16.033
1.9423
85.007
247.28
422.52
694.46
1607.4
2344.5
1201.5
58.549
735.69
1412.8
812.5
212.18
475.06
737.94
409.74
56.297
16.807
1.7739
0.57145
0.15508
11.795
27.222
34.373
37.738
24.349
10.961
37.738
64.514
37.614
10.714
2791.5
8781.9
22357
32722
20688
6353.2
2417.8
782.07
4123.4
7464.7
4025.2
585.61
599.53
639.98
1736.3
2806.1
2022.5
972.83
500.31
222.62
107.98
46.416
14.234
0.32123
16.292
32.262
16.561
0.85988
63641
1.2728e+05
75196
17577
9005.2
5264.6
4393.5
3674.5
1592.8
63.121
72.527
81.932
60.37
30.408
13.744
5.4796
16.133
45.183
305.46
547.34
328.7
76.988
21.974
0.029464
11.738
40.131
98.33
238.83
27060
53782
43848
27548
12317
2804.9
1965
1436
602.54
103.17
97.85
96.062
190.32
284.58
149.66
10.516
4.0352
1.785
5.6671
12.965
23.458
30.534
30.504
30.412
15.22
0.08899
220.22
440.35
221.48
2.6075
30.604
70.744
95.685
108.48
57.115
5.7474
16.814
42.355
118.76
180.7
132.43
84.159
983.15
3317
16811
28870
14807
743.26
1453.6
2163.9
1479.1
584.67
194.47
13.898
3569
7124.2
4843.5
2562.9
4293.7
6024.6
3382.4
740.29
2316.7
3893.2
2086.2
279.19
389.81
500.44
274.22
47.987
77.661
107.34
70.62
33.904
45.275
60.775
66.94
72.697
79.547
92.506
778.2
2719.2
37834
71684
37443
3201.8
6335.1
9468.4
5423.4
1378.4
4814
8249.6
4380.9
349.38
98.268
9.9018
92.807
175.71
116.45
45.033
26.444
15.177
5.6211
0.89558
1.2415
2.2556
40.79
78.656
44.601
10.545
22880
45749
39871
28948
14437
3692.1
1780.3
846
328.48
80.801
32.821
11.682
3.6039
0.38195
8.1175
16.882
18.573
19.235
12.305
3.935
1.4402
0.38591
3.3744
11.905
161.69
305.93
246.65
187.37
1733
3278.6
2990.2
2380
1099.2
108.68
60.462
43.787
95.893
148
111.8
60.686
33.104
15.421
6.487
2.5607
25.348
72.979
169.79
241.76
133.99
26.213
102.94
179.67
99.258
18.847
33117
66214
33251
288.46
3804.8
7321.2
3660.6
0.0007918
3760.4
7520.8
6503.6
4677.1
2574.5
920.06
298.44
26.07
8.0151
1.7829
14.247
26.711
13.857
1.0017
14.376
41.505
91.256
127.25
71.06
14.868
51280
1.0255e+05
57444
10402
8025.3
6351.7
2557.9
0.6361
2570.6
5140.6
2663
127.25
38.615
8.1486
82.214
156.28
86.107
15.933
16.751
19.107
70.851
121.06
65.128
9.1385
9.0447
9.0134
507.41
1917.2
22730
42631
39040
31546
16833
5150
4057.5
3280.7
1727.2
522.51
175.29
31.564
24.68
21.592
19.654
18.805
47.107
79.235
85.529
87.997
69.383
39.913
14.693
0.32797
2.7852
10.032
385.67
756.51
381.35
6.1929
14.044
34.617
162.3
277.26
152.54
19.295
5.9004
1.033
17.443
33.852
17.642
1.4327
2283.8
7644.5
25012
39300
22118
4253.3
3434
2832.6
1256
144.12
151.62
174.05
6106.5
12024
6229.7
435.41
5916.4
11397
6496.4
1595.4
4398.5
7201.6
3742.8
211.59
101.38
63.616
352.96
1115.5
6068.3
10548
6729.5
2220.5
1103.2
565.1
391.19
308.25
284.28
260.32
121.98
3.8352
54959
1.0991e+05
55268
622.67
3487.1
6891.6
7814.1
8196.6
4241.9
193.86
51.999
2.7126
1.5508
1.1594
39.211
88.161
108.15
117.25
59.143
1.0399
66.366
131.69
74.638
17.584
18.664
21.882
213.99
775.67
28018
54889
41906
22441
8598.9
846.85
242.65
31.363
45.812
60.262
44.216
28.17
38.356
57.356
84.019
101.87
52.881
3.895
30.609
57.323
29.599
1.3023
0.4299
0.13112
342.69
975.6
1573
2410.4
4709.1
6477.5
4014.2
1304.7
986.17
760.75
334.7
61.622
107.09
152.56
88.212
17.261
6.6474
2.6338
24.495
46.356
29.229
12.101
15.784
19.466
18.977
18.489
23.809
38.266
103.17
278.56
27325
54252
27823
1394.4
1820.3
2246.2
1452.1
657.94
5696.9
10736
8834.9
5662.6
2602
564.28
164.65
13.541
243.32
473.1
248.72
16.624
4.7887
0.66384
0.76946
0.87508
0.43912
0.0031579
214.17
851.27
67671
1.3407e+05
1.0199e+05
54023
19846
1334.3
1000.8
888.43
4981.2
9074
4704
262.74
171.09
118.1
42.814
0.031201
12.304
27.68
31.304
35.684
146.54
253.53
126.77
0.0037117
0.004981
0.008789
142.71
563.02
20735
40630
33645
21918
9968.4
2683.5
2603
2526.8
1406.7
249.49
72.936
4.8798
1.928
0.9231
1.3457
2.6078
251.02
498.59
414.06
267.61
103.34
0.72068
0.34816
0.22367
3.2631
11.874
99.662
267.59
570.5
787.68
456.86
126.04
425.95
725.87
448.39
120.62
35.191
0.035146
13.865
27.695
15.043
2.3918
273.25
1063.4
25909
50235
25646
1057
1737.5
2418
1596.5
584.26
247.94
102.41
17173
34244
17241
238.3
9263.6
18289
13528
6681.4
2385.3
174.01
195.39
216.77
108.4
0.037611
25.86
85.521
264.91
410.47
314.38
207.72
195.75
184.12
102.15
30.412
416.88
917.23
1051
1223.7
55185
1.0899e+05
68430
19791
5892.6
69.516
7996.1
15923
8084.5
167.02
47.282
6.832
31.982
57.131
32.565
7.9994
72.864
137.73
69.716
1.7023
59.73
117.76
60.417
3.0758
31.479
114.57
2112.5
5873.9
11715
15737
14148
11187
7693
4294.8
1672.1
251.17
146.74
100.62
79.85
65.421
47.052
36.606
56.184
93.708
150.99
190.32
116.85
43.383
138.08
232.77
116.5
0.23127
373.87
747.52
551.81
356.1
2290
4223.9
2641.5
896.14
677.1
534.9
327.4
205.98
207.22
208.45
104.42
0.39116
4.307
8.2228
4.5476
0.87246
175.71
350.55
310.78
231.86
97.341
1.9576
3.0187
6.1799
208.1
800.71
35818
70442
37834
3588.4
1046.2
142.45
5901.6
11661
10428
7950.2
3536.7
368.8
915.16
1461.5
742.55
19.639
13.708
11.717
274.47
583.45
661.71
693.74
348.72
3.6938
362.1
720.51
444.79
169.06
7267.9
14367
10841
5611.6
1972.2
36.086
681.95
1327.8
686.93
46.044
47.771
52.834
244.04
431.92
226.92
21.93
680.01
1338.1
682.3
26.504
114.91
203.31
134.76
48.058
15.285
0.66695
166.27
643.14
8940
20690
28600
32745
17491
1878.3
1437.1
1146.3
605.95
192.56
56.227
0.00019827
131.72
263.43
154.58
45.721
139.22
232.72
136.57
30.673
16.612
9.1038
2.9743
0.036614
2.4869
9.2332
76.723
139.92
70.075
0.23234
173.16
346.09
194.22
42.35
56.768
71.187
37.704
4.2203
16.495
28.994
29.222
29.453
233.17
832.69
29455
57682
31212
4460
4157.8
3889.1
1823.6
6.9107
9.3172
16.534
19069
38116
19708
1300.7
6235.9
11171
9403.4
7635.6
8024.9
8414.2
4283.5
111.15
48.426
27.24
154.62
516.08
6168.5
11587
6182.9
778.98
8801.2
16823
8680.2
382.84
148.7
68.689
142.58
363.6
65821
1.3113e+05
80812
21775
7044.7
1032.3
3368.7
5705.1
2982.2
181.01
61.232
19.78
31.246
42.711
33.654
24.597
44.796
79.678
118.47
142.58
73.216
3.8565
14.98
46.903
676.59
1285.5
895.02
504.56
20005
39505
31415
18458
6991.7
341.11
277.82
234.92
135.88
68.587
67.906
67.233
34.281
1.9563
1.9032
1.8855
16.44
30.995
15.65
0.30595
4.2433
14.093
38.783
97.173
970.87
1805
1005.6
206.17
1884.6
3563
2989
2004.5
932.06
270.02
322.08
374.13
221.52
51.762
26.208
13.374
5.3956
1.849
24.632
60.644
91.314
108.75
57.46
4.5058
2.1228
1.0762
0.51536
0.27819
57.556
228.37
25520
50699
25385
70.275
10727
21384
10704
23.439
197.06
567.98
1178.6
2001.1
3159.7
3909.1
2566.1
1223.1
1253.6
1284
746.61
146.52
44.798
5.7203
9.8373
13.954
11.841
9.7281
1200.1
4571.4
55413
1.0407e+05
53798
3262.4
2872.1
2741.1
3716.6
4692.1
2485.6
279.02
1037.6
1796.2
945.55
94.885
1485.7
2876.6
2273.6
1670.6
2340.8
3011
2565.3
1789
903.85
349.18
468.16
742
1210.5
2206.1
12531
22174
11782
1389.9
2325
3260
3228.4
3196.8
5463.8
7730.8
4200
669.28
819.79
1266
34582
67602
34067
531.67
5016.4
9501.2
4971.1
440.93
897.68
1881
4104.2
5800.9
3730
1659.1
18894
36130
18975
1302.4
508.28
232.96
1572.3
4557.7
12276
18348
9734.8
776.44
244.56
57.855
675.3
1292.7
647.96
3.1709
1558.4
3113.6
2702.2
1923.3
778.85
1.5988
1.1828
1.0441
13753
27505
15813
3076.5
1410.7
790.2
1089.5
1643.5
2402.5
2906.9
1587
267.15
595.86
924.58
886.6
795.2
461.4
181.03
311
440.96
319.43
151.52
60.053
14.976
1839.6
3742.8
3823
3906.5
34993
65998
51836
29517
10681
2.2116
1189.6
2377
1391.6
281.95
78.858
0.012536
4.3196
16.423
176.67
329.12
192.41
55.698
228.9
402.11
384.35
342.65
207.84
96.97
97.688
99.835
793.18
2415.3
6974.6
11881
14269
15380
8232.6
787.79
347.92
168.27
107.89
84.435
180.92
349.49
543.58
665.59
352.78
39.969
130.33
220.69
213.08
193.91
109.37
25.445
7.403
0.30027
8.5937
16.887
9.2306
1.5741
540.41
1079.2
995.65
811.38
355.45
0.20975
14.46
46.089
126.46
189.45
158.44
119.95
106.69
100.91
147
193.1
130.93
68.772
151.33
233.89
116.95
0.0097319
70.27
166.31
197.89
241.02
46338
92397
48492
3098.6
813.4
17.418
610.62
1203.8
840.28
476.74
2626.4
4776
4051.6
2747.9
1107.4
46.19
901.9
1757.6
1664.6
1442.7
673.95
28.512
21.52
17.567
12.12
9.0658
122.27
455.78
16702
32729
23427
10708
4045.1
799.18
834.12
925.37
1477.6
1973.5
1019.2
43.634
11.324
0.23646
142.06
283.89
149.14
13.776
12.863
12.557
555.14
1097.7
690.19
213.87
106.94
50.912
19.036
5.0535
2824.6
6134.6
6963.8
7302.5
4610.6
1421.3
616.59
223.63
80.59
23.345
60.598
102.98
111.42
114.74
60.79
6.8395
9.947
16.783
27.836
46.597
81.462
144.84
378.8
572.81
468.85
294.46
116.61
9.211
603.78
1198.3
664.17
117.09
102.15
90.619
52.026
22.946
23.58
25.407
66.097
105.59
54.114
2.6341
1040
2077.3
1043.2
8.9957
762.22
1515.4
761.97
8.49
11.558
20.642
347.67
1262
15020
28185
25210
19289
9158.5
1844.6
1648.6
1582
7423.2
13264
6633.9
2.3506
0.80808
0.29379
96.775
375.11
6602
12647
6354
61.074
9707.8
19355
9820.7
211.25
97.356
58.989
956.19
3533.8
55608
1.06e+05
72974
29504
9919
776.44
5747.4
10718
5365.5
12.693
17.226
21.759
11.284
0.80959
72.888
175.93
239.32
271.74
136.48
1.2182
52.967
104.71
64.143
23.572
596.81
1658.4
2622.7
4084.2
9708.7
14593
14972
15107
7934.5
515.66
137.39
5.5532
96.063
186.57
113.66
28.84
8.8732
0.80762
6.3555
11.903
7.0947
2.286
16.589
30.892
16.505
2.1178
4.571
11.592
104.87
266.84
436.64
610.76
760.97
893.4
1027
1100.7
685.34
208.09
105.3
64.398
116.32
168.24
90.105
11.97
66.508
121.05
62.67
4.2928
11.675
19.056
11.272
3.4887
23.471
43.453
35.094
26.736
41.441
85.477
21496
42877
21515
153.94
245.21
508.75
6539.9
12399
6199.5
0.23021
36.955
143.5
2937.8
5662.2
3411.4
1076.8
970.66
902.74
819.85
710.98
421.11
145.47
44.8
1.5048
20227
40453
29761
15930
10140
7489.2
16670
25850
18748
8996.8
4048.9
1271.5
486.88
180.35
282.18
442.69
537.16
655.02
942.37
1378
2128.4
2648.4
1461.6
274.73
846.55
1418.4
1062.1
541.98
198.52
18.854
3291.6
6564.4
5274.8
3985.1
5314.7
6644.3
3360.4
76.526
1944.1
5109
8435.9
10465
5258.8
52.022
18646
37240
21085
4140.2
3156.9
2483.4
1106.8
209.4
254.94
388.09
4407.5
9405.4
11335
12198
6898.2
1598.1
24232
46865
29567
9084.3
3662.1
1424.3
5578.5
9732.6
5537.6
1122.2
806.75
657.54
559.76
516.18
1673.5
2830.9
1545.5
260.04
1402.5
2545
2418.5
2112.6
966.74
0.36402
6.4987
24.894
33294
66550
38675
8186.1
4008.8
2445
3068.6
3692.1
1846
0.0043555
241.44
626.16
962.03
1154.6
581.52
5.6392
1.4479
0.041797
247.6
495.16
307.48
98.961
65.24
52.366
1571.4
3090.4
1591.9
93.393
36944
73795
46772
14937
7209.1
3433.6
1994.3
1414
2371.3
3328.6
1664.4
0.11378
9.3837
36.858
1287.1
4026
10943
16353
11140
4333.5
1371.1
0.96617
1.6179
3.1668
6.0503
12.892
3223.6
6429.4
6313.6
6001.7
3540.1
1274.7
1286.8
1298.8
681.47
64.112
4230.2
8396.3
4577.7
516.6
137.1
0.002496
549.46
1098.9
606.6
82.253
32.053
13.884
247.27
480.66
261.69
42.718
487.85
932.99
843.85
754.71
3508.6
6262.5
4282.8
2303.2
2716.2
3129.2
1572.9
16.721
2135.7
4254.7
2637.7
728.96
240.54
29.715
7.8487
0.16056
25.81
97.392
952.72
1762.1
904.93
47.733
174.13
326.32
355.04
389.62
72220
1.4402e+05
75958
5558.2
1969.9
719.4
2128.6
4101.9
5230.6
5795.1
2906.8
18.557
107.21
236.95
294.38
368.69
880.9
1335.1
1238.6
1032.5
614.96
237.69
119.12
69.849
373.85
684.35
690.92
697.62
8338.6
15973
13335
8719
3380
18.89
180.88
342.86
171.83
0.80066
272.06
543.31
415.74
288.17
305.22
349.52
562.54
837.57
1023
1119.1
560.09
1.0815
361.74
722.39
368.96
15.528
4161.4
8307.2
4540.1
772.94
9012.1
17251
10516
3043.5
2040.5
1399.2
522.54
19.613
17.629
16.967
46.534
76.1
44.06
12.02
139.72
267.42
136.03
3.4212
1.7286
0.95425
0.39933
0.14818
52.651
105.15
80.58
56.005
67.971
87.457
105.63
116.28
60.619
4.959
30.941
56.923
30.843
4.031
2.912
2.5251
5.2522
13.43
19412
38806
21205
2747.3
1420.8
950.14
1165.4
1380.6
727.18
73.781
80.348
100.04
34824
69534
57105
37293
21533
10051
4475.1
2005.1
3242.1
4479.1
2240.4
1.6076
3.4965
9.1441
949.84
3021.1
7796.9
12214
13534
14079
8438.5
1968.9
604.68
47.321
13.217
1.4934
460.58
1807.5
55099
1.075e+05
62947
13115
4537.7
1236
3280.1
5324.1
2771
150.08
48.882
10.695
3.0553
0.26693
9.8538
19.441
9.7916
0.14255
63.479
126.82
66.247
4.2714
2.1284
1.3921
134.11
508.86
5881
11011
5505.6
0.079583
2505.9
5011.7
2762.3
364.21
131
46.491
73.197
99.903
51.606
2.2277
0.58162
0.016607
0.68602
1.8984
2.8616
4.4657
20.265
34.88
27.767
16.33
6.0684
0.13053
148.44
331.03
372.1
417.48
756.41
1134.7
1273.2
1333.8
688.07
42.298
236.67
431.04
315.22
162.3
101.51
59.823
23.099
4.3661
52.722
101.08
96.698
85.964
44.313
6.1905
1.7365
0.10821
5.0202
17.847
58.685
164.92
24472
48706
24509
220.35
82.06
35.731
8146.8
16258
8135.7
13.517
629.19
1244.9
1237.5
1230.1
1266.6
1303.2
672.31
41.413
42.133
44.284
538.57
1031.4
670.59
227.85
83.995
22.056
514.58
1963.5
67208
1.315e+05
73406
10563
3026.1
243.55
3543.7
7401.4
8340.5
8722.2
4671.3
465.32
226.6
142.99
2916.3
5689.6
3246.6
803.56
1392
2259.3
2850.5
3163
2873.5
2269.2
1047.4
140.38
13351
26561
13326
90.846
2667.8
5244.7
2760.1
275.45
1492.8
2710.1
2671.8
2633.6
8688.7
14744
8221.3
1698.9
19018
36338
20025
3711.2
6223.3
8735.4
8421.3
7621.5
3577.9
20.108
118.86
374.17
1806.2
3081.6
1541.9
2.1088
94.052
273.43
450.7
765.32
3489.1
5988
5122.5
4256.9
4556.1
5122.7
5669.7
6521
9943
12793
8054.6
3315.8
6306.3
9296.7
5026.9
535.81
199.26
69.947
48.162
40.309
30872
61704
39874
12966
4041.4
135.8
45.962
15.644
91.87
269.56
591.26
1280.1
7979.3
14210
10841
5768.3
2061.7
58.185
1593.8
3129.4
1673.4
216.06
214
213.31
755.6
2038.9
6347.5
9915
9862.3
9809.7
13565
17319
9190.8
798.34
436.6
253.24
87.004
4.2033
1.1156
0.063806
574.03
1824.4
4779.8
7058.7
3529.8
0.98319
963.18
1925.4
1736.3
1346.8
593.04
39.83
52.743
90.721
1782.7
3449.6
2061.8
674
3571.8
6469.5
4460
2450.5
2741.2
3032
1662.1
235.61
148.29
117.59
182.66
247.74
129.76
11.789
81.942
227.48
515.61
728.35
449.92
121.79
37.487
2.892
20.782
61.863
132.44
279.13
1486.6
2594.8
1310.9
26.92
27.405
28.754
43.908
58.2
29.588
0.97565
3.2934
9.3777
47.68
82.217
57.604
32.991
166.5
300.01
186.16
53.539
22.99
9.2654
6.1666
5.0093
1943.9
7156
47502
84574
50939
12211
3737
356.08
419.74
608.06
12414
24094
12061
26.84
1150
2273.2
1454.5
518.96
349.98
249.42
164.57
98.361
34.363
0.1269
21.492
42.858
26.63
10.403
489.84
1581.3
4379.1
7124.1
8104.4
8525.4
4515
504.57
741.39
978.21
514.52
50.825
426.05
801.28
419.98
28.079
11.862
6.2566
59.161
147.56
236.63
290.21
224.72
127.99
65.666
26.35
12.407
6.6982
3453.1
6899.5
5607.9
3732
2747.4
1881.1
709.8
4.4748
357.69
710.91
659.77
545.74
250.54
18.242
131.08
243.92
162.35
80.777
95.746
110.71
92.289
73.864
89.099
119.79
172.75
214.33
218.72
223.23
293.97
360.52
251
141.48
581.18
1020.9
708.03
395.18
1503
2610.9
1537.9
464.83
534.14
603.45
511.5
419.55
6367.7
12316
6249.7
183.57
2895.5
5607.5
2832.5
57.557
160.12
262.69
141.03
19.374
18654
37288
36333
33813
17379
2348.4
2105.5
2023.5
3179.4
4335.3
3054.5
1318
436.97
11.748
479.98
996.42
1048.3
1103.3
2389.1
3623.6
1833.4
43.27
71.459
99.648
49.834
0.01926
10987
24143
27870
29430
19385
7359
3952.9
2528.4
4757.3
6986.3
3529.9
49.253
12.544
0.19268
152.46
304.74
200.45
80.774
60.187
45.098
17.958
0.7079
1.6755
2.643
1.9566
1.2702
203.05
789.93
17427
33679
22600
9220
5773.3
3548.5
1263.8
59.196
78.008
96.821
66.192
26.253
8.9912
0.96095
0.84324
0.80368
4.2587
11.813
27.005
43.922
55.977
62.207
40.443
18.679
21.298
29.1
1024.5
2014.7
1273.8
532.97
1787.1
3041.2
1568.8
96.413
174.43
252.44
196.18
114.08
59.923
31.603
46.64
61.677
32.705
3.7318
55.389
107.05
86.905
54.416
26.341
7.8957
3.6145
1.7423
1.2456
1.0572
363.24
1420.9
35977
69838
62343
47813
26216
8874
4243.5
2391.6
9669.6
16948
9471.7
1752.6
1469
1249.8
540.57
10.156
23.188
57.65
288.06
497.03
253.74
10.452
24.88
64.764
282.4
877.76
50401
99522
49806
90.418
3392.3
6694.2
3406.4
118.55
2716.1
5313.6
2899.8
485.99
1834.2
3182.5
1610.5
38.467
128.26
270.86
347.87
464.46
2540.2
4523.6
2441.3
252.32
92.089
27.627
9.9993
3.3332
20443
40883
21276
1668.2
2559
3449.7
3086.7
2349
988.47
2.5391
30.262
99.366
319.95
669.16
1053.3
1512.3
